3 rbox s 20 W0 c D3
20
25.143 47.6314 56.7744
-27.6886 7.3015 -77.1049
-40.6091 56.2913 40.4237
-13.4351 64.9091 52.8647
12.253 82.9164 3.47394
-39.6552 -36.8111 53.6513
62.0581 15.765 45.7576
2.30434 20.8254 -83.3787
76.2125 2.18931 -0.0759198
45.7333 -2.82476 65.7332
-52.623 -57.1605 12.4262
30.2836 13.163 -76.5145
9.51587 -74.6992 -25.7535
-69.5527 35.5166 2.40848
-25.0339 -56.3715 -48.8334
20.2971 37.8692 -70.1045
20.7228 -53.8828 52.0699
6.79716 79.6881 23.8871
52.8351 -26.5075 -50.2249
-54.497 -43.8902 -35.4048
