3
44 20 1
-10.101 -10.101 -10.101 
1.531514260341002 -12.0021355336071 -6.609734679465603 
-1.666995360775569 -1.858462537526343 1.347323522693927 
69.99910231781377 -29.7648598321514 -66.31812180826097 
9.760978331804383 -17.67279222322923 -9.728778734445179 
3.131395467344074 -17.38546278439542 -8.426248306585848 
21.00464297912591 -47.71465791523853 -9.474029712288221 
2.515082709604421 -17.43090098927708 -8.645723720546002 
74.84574146649959 -271.3156161896063 -1.60633422447269 
-7.420683201299322 -27.38949776460289 -55.73335068745345 
-36.03017018966313 -57.79367309702405 -69.20625423662214 
-0.2326272004807208 -18.41818025314818 -13.32820308656653 
3.244185059251315 31.40376671149462 -30.67542184613503 
-14.61813279872393 112.2363787642871 -105.5832078560113 
1.516752015028189 -11.93402976213797 -6.587762732640172 
-6.716414608880918 5.782088902182686 -2.608048811210537 
-6.622178036372546 5.945724724271059 -2.657849071433105 
-1.053849327321984 -0.8566998824473768 -0.9508101022482691 
-1.463221895829271 -2.217487059035717 -1.167391511581641 
-2.710391429418205 -3.494764895869726 -1.676415520811915 
1.495913242946649 -11.88420290434289 -6.556319811482524 
3.86225401505331 3.048025758591201 -2.784660566566274 
2.633240220277415 2.709750295075361 -2.098739465849846 
-1.597050504321718 -2.977033958755609 7.442005557941556 
-15.89623990791963 -8.677069084189236 31.0228708158116 
-644.2319670486376 -635.6630594446231 -938.4489596535789 
-11.43333686969028 2.457522315249323 -4.454043265592055 
-10.96273383900002 -1.1051490334676 -4.474606412706706 
259.4815320891724 24.21894803913601 191.4672382560184 
43.73995952070158 3.726541997674481 16.653372346441 
11.1731767214151 3.538383454965938 -3.992867979876558 
22.57228378342663 5.610720629412128 -13.2687352159217 
9.483137817226698 10.19714741809722 -7.856090957388381 
14.41433541255142 9.665499032270105 -10.79482471935313 
41.53341912523662 9.037293705439517 25.77678836563869 
4.15462244959118 3.79951947747054 -0.6035786807336123 
-6.59624257176209 57.76274904956878 42.18905890289784 
5.867312599214753 3.881964165806309 -2.918292692126002 
8.843643990482718 7.298048862748018 -5.24300436806169 
9.645667068746175 4.265907289396871 -3.5058093774309 
12.87210770605082 18.58179059017143 -4.934482104348191 
17.26566728104419 5.919413983614398 14.97164790382951 
6.317189881826451 4.357774762676755 6.630485448562567 
6.955480839443858 6.762780259854232 11.87519790662186 
23 0 1 2 4 5 6 8 14 17 18 20 21 22 23 28 29 30 34 35 37 39 41 42
11 0 34 35 36 37 38 39 40 41 42 43
18 0 1 3 4 5 7 9 11 12 14 21 30 31 32 33 37 38 39
11 0 1 2 5 7 8 18 19 20 23 24
6 0 12 13 32 33 40
3 0 31 33
4 0 25 26 27
11 0 28 29 30 31 32 33 34 38 39 40
6 0 28 34 36 41 43
5 0 13 15 16 26
12 0 12 13 16 21 22 32 35 36 37 38 40
5 0 3 9 10 25
5 0 6 8 28 29
6 0 23 24 41 42 43
9 0 2 15 17 18 19 24 26 27
18 0 9 10 11 12 13 14 15 16 17 18 19 20 21 22 25 26 27
7 0 3 4 6 29 30 31
10 0 1 7 10 11 14 19 20 25 27
10 0 3 4 5 6 7 8 9 10 11
12 0 2 15 16 17 22 23 24 35 36 42 43
69
6 0 13 0 41 42 23
10 0 3 0 8 5 1 20 18 2 23
7 0 12 0 8 6 29 28
6 0 8 0 28 34 41
5 0 17 1 14 20
10 0 2 1 14 21 37 39 30 4 5
8 0 19 2 17 22 35 42 23
5 0 14 2 18 17
6 0 18 4 5 8 6
6 0 16 4 30 29 6
8 0 15 14 21 22 17 18 20
6 0 10 21 37 35 22
7 0 7 28 29 30 39 34
8 0 1 34 41 42 35 37 39
7 1 7 0 34 39 38 40
7 1 8 0 36 43 41 34
8 1 10 0 36 35 37 38 40
6 1 19 35 36 43 42
5 1 2 37 38 39
5 1 13 41 42 43
5 2 5 0 31 33
6 2 4 0 12 32 33
5 2 11 0 9 3
7 2 16 0 3 4 30 31
8 2 15 0 9 11 14 21 12
5 2 3 1 5 7
6 2 17 1 14 11 7
8 2 18 3 9 11 7 5 4
7 2 10 12 32 38 37 21
8 2 7 30 39 38 32 33 31
5 3 13 0 24 23
7 3 14 0 19 18 2 24
6 3 18 0 8 5 7
7 3 17 0 19 20 1 7
5 3 19 2 24 23
5 3 15 18 19 20
6 4 7 0 33 32 40
7 4 10 0 13 12 32 40
5 4 15 0 12 13
5 5 7 0 31 33
5 6 17 0 27 25
5 6 14 0 26 27
6 6 15 0 25 27 26
5 7 8 0 28 34
6 7 16 0 29 30 31
5 7 12 0 29 28
5 7 10 32 38 40
5 8 13 0 41 43
5 8 19 0 36 43
5 9 14 0 15 26
7 9 15 0 13 16 15 26
5 9 19 0 16 15
5 9 10 0 13 16
7 10 19 0 36 35 22 16
7 10 15 12 21 22 16 13
5 11 17 0 10 25
6 11 15 0 9 10 25
6 11 18 0 3 9 10
5 12 16 0 6 29
5 12 18 0 6 8
7 13 19 0 24 23 42 43
5 14 17 0 19 27
7 14 19 0 15 17 2 24
8 14 15 15 26 27 19 18 17
5 15 18 9 10 11
9 15 17 10 25 27 19 20 14 11
6 15 19 15 17 22 16
6 16 18 0 6 4 3
6 17 18 0 10 11 7
